,Alt MAC,B cell,Cl MAC,Cl Mo,DCs cell,Int Mo,Mast cell,Neutrophils,NK cell,Non-Cl Mo,Tc,Th,T other,Treg
D001,0.0602189781021898,0.0194647201946472,0.155109489051095,0.108272506082725,0.000608272506082725,0.0109489051094891,0.0145985401459854,0.0693430656934307,0.00121654501216545,0.0407542579075426,0.177615571776156,0.253649635036496,0.0200729927007299,0.0681265206812652
D002,0.0331664580725907,0.065081351689612,0.271589486858573,0.0262828535669587,0.00876095118898623,0.00375469336670839,0.0225281602002503,0.0212765957446809,0.00125156445556946,0.0619524405506884,0.224655819774718,0.226533166458073,0.00625782227784731,0.0269086357947434
D003,0.037529319781079,0.0985144644253323,0.27130570758405,0.0430023455824863,0.00312744331508991,0.00234558248631744,0.0109460516028147,0.126661454261142,0.00390930414386239,0.0258014073494918,0.071931196247068,0.243940578577013,0.0109460516028147,0.0500390930414386
D004,0.0512195121951219,0.0963414634146341,0.142073170731707,0.110975609756098,0.00121951219512195,0.00670731707317073,0.00121951219512195,0.0115853658536585,0.00121951219512195,0.0201219512195122,0.31890243902439,0.157926829268293,0.0548780487804878,0.025609756097561
D005,0.0913173652694611,0.201097804391218,0.149201596806387,0.0838323353293413,0.00349301397205589,0.0104790419161677,0.0219560878243513,0.0144710578842315,0.00499001996007984,0.00998003992015968,0.152195608782435,0.230538922155689,0.0029940119760479,0.0234530938123752
D006,0.114942528735632,0.0255427841634738,0.329501915708812,0.086845466155811,0.00127713920817369,0.00638569604086846,0.00893997445721584,0.11749680715198,0.00255427841634738,0.0191570881226054,0.0881226053639847,0.14176245210728,0.0434227330779055,0.0140485312899106
D007,0.255569306930693,0.00804455445544554,0.155321782178218,0.298886138613861,0.000618811881188119,0.0222772277227723,0.000618811881188119,0.100866336633663,0.000618811881188119,0.00680693069306931,0.025990099009901,0.0866336633663366,0.0198019801980198,0.0179455445544554
D008,0.0756345177664975,0.0604060913705584,0.109137055837563,0.153299492385787,0.00050761421319797,0.0218274111675127,0.0131979695431472,0.0609137055837563,0.00304568527918782,0.0050761421319797,0.196446700507614,0.227918781725888,0.0461928934010152,0.0263959390862944
D009,0.0532983835736129,0.0196592398427261,0.183923110528615,0.0336391437308868,0.00786369593709043,0.0297072957623416,0.0262123197903014,0.0270860637833115,0.0017474879860201,0.0637833114897335,0.202708606378331,0.287024901703801,0.0144167758846658,0.0489296636085627
D010,0.0780487804878049,0.0617886178861789,0.258536585365854,0.0747967479674797,0.0032520325203252,0,0.0471544715447154,0.0227642276422764,0.0032520325203252,0.0260162601626016,0.159349593495935,0.201626016260163,0.0195121951219512,0.0439024390243902
D011,0.0371352785145889,0.00530503978779841,0.519893899204244,0.00928381962864721,0.0013262599469496,0.0013262599469496,0,0,0.0013262599469496,0.0384615384615385,0.212201591511936,0.110079575596817,0.0278514588859416,0.0358090185676393
D012,0.204697986577181,0.00838926174496644,0.144295302013423,0.0721476510067114,0.0167785234899329,0.0100671140939597,0,0.0687919463087248,0.0855704697986577,0.00167785234899329,0.152684563758389,0.201342281879195,0.00503355704697987,0.0285234899328859
D013,0.0534883720930233,0.100232558139535,0.0951162790697674,0.0932558139534884,0.00325581395348837,0.0118604651162791,0.00906976744186046,0.0553488372093023,0.000232558139534884,0.017906976744186,0.0753488372093023,0.433023255813954,0.0148837209302326,0.0369767441860465
D014,0.0229885057471264,0.00164203612479475,0.625615763546798,0.00328407224958949,0,0,0.00821018062397373,0.100164203612479,0.00656814449917898,0.0328407224958949,0.0656814449917898,0.0821018062397373,0.0426929392446634,0.00821018062397373
D015,0.0305084745762712,0.0779661016949153,0.366101694915254,0.088135593220339,0.00338983050847458,0,0.0203389830508475,0.0169491525423729,0.0169491525423729,0.00677966101694915,0.152542372881356,0.128813559322034,0.0644067796610169,0.0271186440677966
D016,0.0304062271953296,0.0072974945268791,0.235952323035758,0.542203843347117,0.000243249817562637,0.00875699343225493,0,0.00145949890537582,0.00243249817562637,0.000972999270250547,0.0972999270250547,0.0503527122354658,0.0128922403308198,0.00972999270250547
D017,0.0185185185185185,0,0.820987654320988,0,0,0,0,0.037037037037037,0.037037037037037,0.0123456790123457,0.0185185185185185,0.0493827160493827,0.00617283950617284,0
D018,0.185053380782918,0.00355871886120996,0.366548042704626,0.0213523131672598,0,0,0.0106761565836299,0.0533807829181495,0.00711743772241993,0.00355871886120996,0.128113879003559,0.117437722419929,0.0782918149466192,0.0249110320284698
D019,0.0585365853658537,0.0341463414634146,0.24390243902439,0,0,0,0.0780487804878049,0.00975609756097561,0.0341463414634146,0.00975609756097561,0.131707317073171,0.268292682926829,0.0487804878048781,0.0829268292682927
D020,0.136231884057971,0.0217391304347826,0.0840579710144927,0.0434782608695652,0.00144927536231884,0.0188405797101449,0.0072463768115942,0.0782608695652174,0,0.0565217391304348,0.360869565217391,0.11304347826087,0.0318840579710145,0.0463768115942029
D021,0.0180120080053369,0.0607071380920614,0.0800533689126084,0.018679119412942,0.00133422281521014,0.0406937958639093,0.00066711140760507,0.0133422281521014,0.00266844563042028,0.0160106737825217,0.404936624416278,0.280853902601734,0.0340226817878586,0.0280186791194129
D022,0.0355329949238579,0.112944162436548,0.41243654822335,0.04251269035533,0,0.00634517766497462,0.00190355329949239,0.0291878172588832,0.0050761421319797,0.0114213197969543,0.106598984771574,0.20241116751269,0.032994923857868,0.000634517766497462
D023,0.0238095238095238,0.00732600732600733,0.14041514041514,0.0384615384615385,0,0.00976800976800977,0.000305250305250305,0.655982905982906,0.00213675213675214,0.00152625152625153,0.0750915750915751,0.0222832722832723,0.00976800976800977,0.0131257631257631
D024,0.0958036421219319,0.0794404856162576,0.128793877012404,0.0554235946159937,0.0166270783847981,0.0211137503299023,0.0158353127474268,0.0522565320665083,0.00290314067036157,0.0324623911322249,0.287938770124043,0.156241752441277,0.0137239377144365,0.0414357350224334
D025,0.103900060938452,0.0341255332114564,0.123400365630713,0.158135283363803,0.00792199878123096,0.0127970749542962,0.0127970749542962,0.0268129189518586,0.000609384521633151,0.00731261425959781,0.16819012797075,0.264777574649604,0.0137111517367459,0.0655088360755637
D026,0.153553299492386,0.00338409475465313,0.170473773265651,0.0511844331641286,0,0.0122673434856176,0.00465313028764805,0.0596446700507614,0.00253807106598985,0.0126903553299492,0.180203045685279,0.212774957698816,0.0245346869712352,0.112098138747885
D027,0.135178286322512,0.0936668440659925,0.0665247472059606,0.059073975518893,0.000532197977647685,0.077700904736562,0,0.0234167110164981,0.000532197977647685,0.0468334220329963,0.220329962746142,0.205428419372006,0.0111761575306014,0.0596061734965407
D028,0.0775510204081633,0.0142857142857143,0.208163265306122,0.00408163265306122,0.00204081632653061,0,0.0551020408163265,0.0877551020408163,0.0183673469387755,0.036734693877551,0.102040816326531,0.310204081632653,0.0204081632653061,0.063265306122449
D029,0.221983683984543,0.0395019321597252,0.0704164877629884,0.0695577501073422,0.012881064834693,0.0210390725633319,0.0120223271790468,0.0188922284242164,0.0034349506225848,0.0012881064834693,0.19106912838128,0.300987548303993,0.0090167453842851,0.0279089738085015
D030,0.00659630606860158,0.0191292875989446,0.408970976253298,0.0296833773087071,0,0.012532981530343,0.00659630606860158,0.0230870712401055,0.00131926121372032,0.0204485488126649,0.300791556728232,0.120052770448549,0.0230870712401055,0.0277044854881266
D031,0.0742407199100112,0.0131233595800525,0.138732658417698,0.0978627671541057,0.000374953130858643,0.0622422197225347,0.0134983127109111,0.0288713910761155,0.00224971878515186,0.0547431571053618,0.21259842519685,0.225721784776903,0.0228721409823772,0.0528683914510686
D032,0.073469387755102,0.00612244897959184,0.461224489795918,0.0489795918367347,0,0.00204081632653061,0.00204081632653061,0.063265306122449,0.00204081632653061,0.0244897959183673,0.063265306122449,0.179591836734694,0.0142857142857143,0.0591836734693878
D033,0.0190677966101695,0.0211864406779661,0.300847457627119,0.0127118644067797,0,0.00423728813559322,0.0360169491525424,0.0296610169491525,0.0127118644067797,0.0423728813559322,0.13771186440678,0.269067796610169,0.0275423728813559,0.086864406779661
D034,0.0883912787271656,0.0229817324690631,0.191514437242192,0.0824985268120212,0.000589275191514437,0.0100176782557454,0.0229817324690631,0.018856806128462,0.00235710076605775,0.0312315851502652,0.223924572775486,0.223924572775486,0.0206246317030053,0.0601060695344726
D035,0.0576794097920858,0.0167672702883971,0.22468142186452,0.0449362843729041,0.000670690811535882,0.00134138162307176,0.0274983232729712,0.0234741784037559,0.0107310529845741,0.0389000670690812,0.142186452045607,0.331321260898726,0.0181086519114688,0.0617035546613011
D036,0.106870229007634,0.0178117048346056,0.153762268266085,0.145401672119229,0.0054525627044711,0.0498000727008361,0.00363504180298073,0.0130861504907306,0.00254452926208651,0.00981461286804798,0.233369683751363,0.195565249000364,0.019992729916394,0.0428934932751727
D037,0.0791618160651921,0.0069848661233993,0.621653084982538,0.00465657741559953,0,0.00232828870779977,0.00814901047729918,0.0209545983701979,0.00349243306169965,0.0151338766006985,0.0873108265424913,0.10244470314319,0.0128055878928987,0.0349243306169965
D038,0.0273831583281861,0.404364834259831,0.116532839201153,0.0551780934733375,0.000411776816965205,0.00123533045089561,0.00514721021206506,0.0177064031295038,0.00329421453572164,0.00226477249330863,0.172946263125386,0.138562898908791,0.00350010294420424,0.0514721021206506
D039,0.066068515497553,0.0179445350734095,0.34910277324633,0.0603588907014682,0.000815660685154976,0.00244698205546493,0.0456769983686786,0.0375203915171289,0.00897226753670473,0.0138662316476346,0.0685154975530179,0.298531810766721,0.0179445350734095,0.0122349102773246
D040,0.0335804622764937,0.137810728303532,0.172263410379416,0.0662887047535979,0.00261665939816834,0.0117749672917575,0.00479720889664195,0.0968163977322285,0.000872219799389446,0.0152638464893153,0.280854775403402,0.133013519406891,0.0209332751853467,0.0231138246838203
D041,0.0958549222797927,0.109326424870466,0.12279792746114,0.089119170984456,0.000518134715025907,0.0383419689119171,0.00569948186528497,0.0461139896373057,0.0207253886010363,0.0077720207253886,0.225388601036269,0.153367875647668,0.0367875647668394,0.0481865284974093
D042,0.318302387267904,0.0185676392572944,0.187002652519894,0.0596816976127321,0.0291777188328912,0.0013262599469496,0.0557029177718833,0.0636604774535809,0.0145888594164456,0.0159151193633952,0.135278514588859,0.0755968169761273,0.0212201591511936,0.00397877984084881
D043,0.0121457489878543,0.0121457489878543,0.263157894736842,0.0356275303643725,0,0.0097165991902834,0.00647773279352227,0.180566801619433,0.00161943319838057,0.0331983805668016,0.262348178137652,0.129554655870445,0.011336032388664,0.0421052631578947
D044,0.0371009490940466,0.109577221742882,0.55090595340811,0.0591026747195859,0.00129421915444349,0.00560828300258844,0.000431406384814495,0.0159620362381363,0.00690250215703192,0.00345125107851596,0.048748921484038,0.117773943054357,0.00215703192407248,0.040983606557377
D045,0.0273522975929978,0.012035010940919,0.525164113785558,0.0164113785557987,0,0.00218818380743982,0.012035010940919,0.00656455142231947,0.00109409190371991,0.0164113785557987,0.181619256017505,0.12800875273523,0.0295404814004376,0.0415754923413567
D046,0.13,0.0205555555555556,0.1575,0.0333333333333333,0.00222222222222222,0.00694444444444444,0.00361111111111111,0.065,0.000555555555555556,0.0291666666666667,0.107777777777778,0.145555555555556,0.275,0.0227777777777778
D047,0.172864732325296,0.0388230486309767,0.085002043318349,0.0678381691867593,0.00490396403759706,0.0224765018389865,0.00367797302819779,0.0796894156109522,0.00163465467919902,0.0343277482631794,0.277891295463833,0.111156518185533,0.0212505108295872,0.0784634246015529
D048,0.0594145915246833,0.193534294451726,0.0926168632590651,0.109654871122761,0.000436871996505024,0.0270860637833115,0.0192223678462211,0.0790738313674094,0.00131061598951507,0.0297072957623416,0.073394495412844,0.251638269986894,0.0117955439056356,0.0511140235910878
D049,0.0904392764857881,0.0245478036175711,0.373385012919897,0.0322997416020672,0.00129198966408269,0.020671834625323,0.00387596899224806,0.0271317829457364,0.00129198966408269,0.041343669250646,0.140826873385013,0.165374677002584,0.00775193798449612,0.0697674418604651
D050,0.134274193548387,0.138709677419355,0.121370967741935,0.121774193548387,0.00725806451612903,0.0157258064516129,0.0108870967741935,0.16491935483871,0.00120967741935484,0.00241935483870968,0.123387096774194,0.105645161290323,0.0181451612903226,0.0342741935483871
D051,0.0297297297297297,0.00630630630630631,0.373873873873874,0.0135135135135135,0.000900900900900901,0.0045045045045045,0.000900900900900901,0.204504504504504,0.0126126126126126,0.0225225225225225,0.233333333333333,0.0612612612612613,0.0252252252252252,0.0108108108108108
D052,0.0147710487444609,0.0147710487444609,0.505169867060561,0.134416543574594,0,0.0162481536189069,0.0132939438700148,0.0236336779911374,0.00147710487444609,0.0192023633677991,0.104874446085672,0.0709010339734121,0.0221565731166913,0.0590841949778434
D053,0.0172811059907834,0.213421658986175,0.200460829493088,0.00864055299539171,0.00144009216589862,0.000288018433179724,0.00144009216589862,0.0106566820276498,0.000864055299539171,0.000864055299539171,0.203629032258065,0.287730414746544,0.0112327188940092,0.0420506912442396
D054,0.0194539249146758,0.0136518771331058,0.266211604095563,0.0972696245733788,0.00136518771331058,0.0627986348122867,0.00170648464163823,0.0150170648464164,0.000341296928327645,0.0221843003412969,0.250170648464164,0.192491467576792,0.0283276450511945,0.0290102389078498
D055,0.0602500947328534,0.20613868889731,0.113679424024252,0.0272830617658204,0.00378931413414172,0.0121258052292535,0.0117468738158393,0.0212201591511936,0,0.0306934444865479,0.21523304281925,0.246305418719212,0.0272830617658204,0.024251610458507
D056,0.0587188612099644,0.217081850533808,0.180901542111507,0.0456702253855279,0,0.0148279952550415,0.00711743772241993,0.0355871886120996,0.0118623962040332,0.0160142348754448,0.151838671411625,0.19276393831554,0.0219454329774614,0.0456702253855279
D057,0.0537883169462117,0.00520532099479468,0.444765760555234,0.0780798149219202,0.000578368999421631,0.00289184499710815,0.00289184499710815,0.20936957779063,0.010989010989011,0.00289184499710815,0.0133024869866975,0.144592249855408,0.0231347599768652,0.0075187969924812
D058,0.0622849277357192,0.00929112181693049,0.281486579490709,0.0106675843083276,0,0.0075705437026841,0.00137646249139711,0.384721266345492,0.0030970406056435,0.00963523743977977,0.0598761183757743,0.063317274604267,0.0767377838953889,0.0299380591878871
D059,0.00890985324947589,0.0340670859538784,0.264150943396226,0.00733752620545073,0,0.0157232704402516,0.00209643605870021,0.00681341719077568,0.00419287211740042,0.311844863731656,0.0838574423480084,0.179245283018868,0.0272536687631027,0.0545073375262055
D060,0.0557868442964196,0.117402164862614,0.316402997502082,0.0383014154870941,0.00582847626977519,0.00666111573688593,0.0607826810990841,0.0233139050791007,0.000832639467110741,0.0274771024146545,0.140716069941715,0.132389675270608,0.0424646128226478,0.0316402997502082
D061,0.0627218934911243,0.0248520710059172,0.431952662721893,0.0189349112426036,0,0.00946745562130178,0.00473372781065089,0.0745562130177515,0.00236686390532544,0.0449704142011834,0.0887573964497041,0.190532544378698,0.0165680473372781,0.029585798816568
D062,0.0788278992983904,0.11473380107305,0.0763516302104829,0.0561287659925712,0.000825423029302518,0.0160957490713991,0.00742880726372266,0.0177465951300041,0.00412711514651259,0.0247626908790755,0.261246388774247,0.297152290548906,0.0144449030127941,0.0301279405695419
D063,0.0542965061378659,0.23371104815864,0.136921624173749,0.0231350330500472,0.0056657223796034,0.00141643059490085,0.00519357884796978,0.0273843248347498,0.00897072710103872,0.0203021718602455,0.154390934844193,0.238432483474976,0.0151085930122757,0.075070821529745
D064,0.180655475619504,0.00479616306954436,0.614708233413269,0.0343725019984013,0.00159872102318145,0.00719424460431655,0,0.0399680255795364,0.00399680255795364,0.017585931254996,0.0559552358113509,0.0247801758593125,0.00799360511590727,0.00639488409272582
D065,0.0512540894220284,0.0490730643402399,0.334787350054526,0.0327153762268266,0,0.00109051254089422,0.00327153762268266,0.174482006543075,0.00109051254089422,0.0119956379498364,0.197382769901854,0.0894220283533261,0.0305343511450382,0.0229007633587786
D066,0.0617495711835334,0.133218982275586,0.210977701543739,0.00686106346483705,0.00400228702115495,0.000571755288736421,0.05431675242996,0.00857632933104631,0.00400228702115495,0.0274442538593482,0.30989136649514,0.127501429388222,0.032590051457976,0.0182961692395655
D067,0.0180489901160292,0.250107434464976,0.0945423291792007,0.0605930382466695,0,0.00171895143962183,0.0240653201547056,0.00988397077782553,0.00171895143962183,0.00988397077782553,0.0846583584013752,0.359260850880963,0.0421143102707349,0.0434035238504512
D068,0.095,0,0.2925,0.025,0,0,0.07,0.0225,0.01,0.1025,0.0425,0.29,0.035,0.015
D069,0.0161054172767204,0,0.46705710102489,0.04099560761347,0,0.00732064421669107,0.00146412884333821,0.0102489019033675,0,0.0307467057101025,0.0644216691068814,0.175695461200586,0.168374816983895,0.0175695461200586
D070,0.0518713066316481,0.000656598818122127,0.20682862770847,0.00393959290873276,0,0.00262639527248851,0.00131319763624425,0.257386736703874,0,0.00787918581746553,0.00262639527248851,0.111621799080762,0.352593565331582,0.000656598818122127
D071,0.114794656110836,0.00148441365660564,0.133597229094508,0.121721919841663,0.0024740227610094,0.0118753092528451,0.0118753092528451,0.0489856506679861,0.00148441365660564,0.0183077684314696,0.0658090054428501,0.241464621474518,0.208807521029193,0.0173181593270658
D072,0.0568978955572876,0.0966484801247077,0.525331254871395,0.0303975058456742,0.000779423226812159,0.00779423226812159,0.00389711613406079,0.0366328916601715,0.00623538581449727,0.0101325019485581,0.0818394388152767,0.123148869836321,0.0171473109898675,0.00311769290724864
D073,0.0232558139534884,0.0585404971932638,0.38813151563753,0.020850040096231,0.00481154771451484,0.000801924619085806,0.0272654370489174,0.0128307939053729,0.00320769847634322,0.0104250200481155,0.125902165196472,0.246992782678428,0.0280673616680032,0.0489174017642342
D074,0.0906125407756433,0.071402682131207,0.0670532801739761,0.149691917361363,0.00181225081551287,0.0192098586444364,0.00398695179412831,0.162377673069953,0.00398695179412831,0.0155853570134107,0.0253715114171801,0.29430953243929,0.0735773831098224,0.0210221094599493
D075,0.0483823092905907,0.0614425645592164,0.205105372514099,0.04986642920748,0.000593647966755714,0.01662214306916,0.00504600771742357,0.0148411991688928,0.000593647966755714,0.0439299495399228,0.159988127040665,0.324725437815375,0.039477589789255,0.0293855743544078
D076,0.0119760479041916,0.0484031936127745,0.223552894211577,0.0234530938123752,0.000499001996007984,0.0334331337325349,0.00449101796407186,0.0139720558882236,0.000499001996007984,0.0793413173652695,0.305888223552894,0.154690618762475,0.0713572854291417,0.0284431137724551
D077,0.163973384030418,0.0622623574144487,0.170152091254753,0.133555133079848,0.00237642585551331,0.0465779467680608,0.00475285171102662,0.115019011406844,0.00380228136882129,0.00903041825095057,0.152091254752852,0.0746197718631179,0.0256653992395437,0.0361216730038023
D078,0.00693240901213172,0.0675909878682842,0.312824956672444,0.0502599653379549,0,0.00779896013864818,0.00173310225303293,0.0363951473136915,0.00433275563258232,0.0155979202772964,0.236568457538995,0.154246100519931,0.0745233968804159,0.0311958405545927
D079,0.0538793103448276,0.0021551724137931,0.589439655172414,0.0150862068965517,0.00323275862068966,0.00107758620689655,0.0183189655172414,0.0129310344827586,0.00323275862068966,0.00969827586206897,0.0883620689655172,0.155172413793103,0.03125,0.0161637931034483
D080,0.0239085239085239,0.254677754677755,0.192307692307692,0.00311850311850312,0.00415800415800416,0,0.0228690228690229,0.0051975051975052,0.00831600831600832,0.0051975051975052,0.0602910602910603,0.35031185031185,0.0623700623700624,0.00727650727650728
D081,0.107332624867163,0.0908607863974495,0.16365568544102,0.0324123273113709,0.0026567481402763,0.014346439957492,0.00212539851222104,0.0313496280552604,0.00478214665249734,0.0154091392136026,0.411264612114771,0.0818278427205101,0.014346439957492,0.0276301806588735
D082,0.0857495373226403,0.19185687847008,0.13880320789636,0.0240592227020358,0.00308451573103023,0.00616903146206046,0.0160394818013572,0.0493522516964837,0.0197409006785935,0.00801974090067859,0.217149907464528,0.157927205428748,0.0160394818013572,0.0660086366440469
D083,0.042995839112344,0.0235783633841886,0.237170596393897,0.029126213592233,0,0,0.00277392510402219,0.029126213592233,0.0013869625520111,0.0166435506241331,0.142857142857143,0.410540915395284,0.0277392510402219,0.0360610263522885
D084,0.0137254901960784,0.00196078431372549,0.472549019607843,0.115686274509804,0.00196078431372549,0.00392156862745098,0.0254901960784314,0.0627450980392157,0.0117647058823529,0.0372549019607843,0.0450980392156863,0.12156862745098,0.0666666666666667,0.0196078431372549
D085,0.0256286266924565,0.0846228239845261,0.232591876208897,0.0140232108317215,0.00918762088974855,0.0111218568665377,0.00386847195357834,0.00822050290135396,0.00725338491295938,0.0614119922630561,0.271760154738878,0.229690522243714,0.0140232108317215,0.0265957446808511
D086,0.0406852248394004,0.00428265524625268,0.383297644539615,0.0149892933618844,0,0,0.00428265524625268,0.0149892933618844,0.00214132762312634,0.00428265524625268,0.0856531049250535,0.364025695931477,0.0364025695931477,0.0449678800856531
D087,0.0298507462686567,0.136194029850746,0.332089552238806,0.00186567164179104,0.00932835820895522,0,0.0858208955223881,0.0317164179104478,0,0.0186567164179104,0.104477611940299,0.182835820895522,0.0335820895522388,0.0335820895522388
D088,0.0504466631634262,0.0215449290593799,0.201261166579086,0.0662112454019968,0.00788229111928534,0.0199684708355229,0.00630583289542827,0.108250131371519,0.00630583289542827,0.0294272201786653,0.194429847609038,0.202312138728324,0.0278507619548082,0.0578034682080925
D089,0.0204081632653061,0.00371057513914657,0.578849721706865,0.0686456400742115,0,0.00371057513914657,0.00185528756957328,0.00742115027829314,0.00927643784786642,0.00185528756957328,0.098330241187384,0.176252319109462,0.0222634508348794,0.00742115027829314
D090,0.0103448275862069,0.0379310344827586,0.541379310344828,0.00344827586206897,0,0,0,0.0517241379310345,0.0206896551724138,0.0379310344827586,0.0689655172413793,0.141379310344828,0.0862068965517241,0
D091,0.0375858330321648,0.325623418865197,0.0751716660643296,0.00361402240693892,0.00108420672208168,0,0.00180701120346946,0.0693892302132273,0.000361402240693892,0.00505963136971449,0.140946873870618,0.294181423924828,0.0292735814962053,0.0159016985905313
D092,0.0804676753782669,0.000687757909215956,0.139614855570839,0.0275103163686382,0,0.0116918844566713,0.00137551581843191,0.488995873452545,0.00137551581843191,0.00894085281980743,0.119669876203576,0.0894085281980743,0.00825309491059147,0.0220082530949106
D093,0.0476190476190476,0.00865800865800866,0.324675324675325,0.158008658008658,0,0.0281385281385281,0.00216450216450216,0.0735930735930736,0,0.0497835497835498,0.123376623376623,0.125541125541126,0.0541125541125541,0.00432900432900433
D094,0.0780632411067194,0.0385375494071146,0.219367588932806,0.0602766798418972,0.00197628458498024,0.0108695652173913,0.00395256916996047,0.137351778656126,0.00889328063241107,0.00988142292490119,0.0849802371541502,0.24901185770751,0.0296442687747036,0.0671936758893281
D095,0.0300196850393701,0.0137795275590551,0.267716535433071,0.13238188976378,0.000984251968503937,0.0684055118110236,0.00639763779527559,0.184055118110236,0,0.0634842519685039,0.0772637795275591,0.113681102362205,0.0388779527559055,0.00295275590551181
D096,0.0247779336138382,0.00280504908835905,0.266479663394109,0.0229079008882655,0,0.00794763908368396,0,0.60822814399252,0,0.0121552127162225,0.021505376344086,0.021505376344086,0.00514258999532492,0.00654511453950444
D097,0.0977491961414791,0.0263665594855305,0.197427652733119,0.0347266881028939,0.00514469453376206,0.0237942122186495,0.0469453376205788,0.0289389067524116,0.00128617363344051,0.0398713826366559,0.365916398713826,0.0842443729903537,0.0173633440514469,0.0302250803858521
D098,0.0384615384615385,0.189244383934649,0.129680054458816,0.0867937372362151,0.00544588155207624,0.0166780122532335,0.0258679373723622,0.0888359428182437,0.00578624914908101,0.015997277059224,0.100068073519401,0.270932607215793,0.0129339686861811,0.0132743362831858
D099,0.0324384787472036,0.00111856823266219,0.351230425055928,0.0648769574944072,0.00111856823266219,0.00782997762863535,0.00223713646532438,0.00782997762863535,0.00894854586129754,0.0100671140939597,0.196868008948546,0.220357941834452,0.0950782997762864,0
D100,0.0271084337349398,0.00301204819277108,0.401606425702811,0.252008032128514,0.00100401606425703,0.00401606425702811,0.0180722891566265,0.0240963855421687,0,0.00100401606425703,0.0612449799196787,0.144578313253012,0.0321285140562249,0.0301204819277108
D101,0.0127118644067797,0.00423728813559322,0.24364406779661,0,0,0,0.00847457627118644,0.101694915254237,0,0.0254237288135593,0.0953389830508475,0.353813559322034,0.154661016949153,0
D102,0.11587982832618,0,0.123032904148784,0.0386266094420601,0,0.0357653791130186,0.011444921316166,0.108726752503577,0.00715307582260372,0.144492131616595,0.125894134477825,0.197424892703863,0.0486409155937053,0.0429184549356223
D103,0.0924678505817514,0.0146968769136558,0.513778322106552,0.00796080832823025,0,0.00183710961420698,0.00122473974280465,0.146968769136558,0.0453153704837722,0.0122473974280465,0.0771586037966932,0.0545009185548071,0.0287813839559094,0.00306184935701163
D104,0.185953711093376,0.0295291300877893,0.232242617717478,0.0798084596967279,0.00239425379090184,0.00478850758180367,0.0391061452513966,0.0207501995211492,0.00239425379090184,0.00399042298483639,0.0726256983240224,0.293695131683958,0.028731045490822,0.00399042298483639
D105,0.104921579232017,0.00973499188750676,0.182260681449432,0.134667387777177,0,0.0237966468361276,0.00973499188750676,0.0118983234180638,0.00594916170903191,0.0254191454840454,0.266089778258518,0.172525689561925,0.0173066522444565,0.0356949702541915
D106,0.00409556313993174,0.24061433447099,0.221843003412969,0.0126279863481229,0.000341296928327645,0,0.0184300341296928,0.0170648464163823,0.00136518771331058,0.00750853242320819,0.104095563139932,0.319112627986348,0.0218430034129693,0.0310580204778157
D107,0.1725768321513,0.0384160756501182,0.145390070921986,0.119385342789598,0.0106382978723404,0.00118203309692671,0.0384160756501182,0.0147754137115839,0.0118203309692671,0.00354609929078014,0.267730496453901,0.155437352245863,0.0135933806146572,0.00709219858156028
D108,0.0573378839590444,0.0989761092150171,0.212286689419795,0.0286689419795222,0.0109215017064846,0.00409556313993174,0.0348122866894198,0.0402730375426621,0.00204778156996587,0.016382252559727,0.208873720136519,0.238225255972696,0.0197952218430034,0.0273037542662116
D109,0.0467502850627138,0.255416191562144,0.265678449258837,0.0182440136830103,0,0.00342075256556442,0.00684150513112885,0.109464082098062,0.00342075256556442,0.0296465222348917,0.0535917901938426,0.166476624857469,0.0273660205245154,0.0136830102622577
D110,0.07715281234445,0.0184171229467397,0.248880039820806,0.0890990542558487,0,0.0338476854156297,0.000995520159283225,0.0487804878048781,0.000497760079641613,0.0482827277252364,0.145345943255351,0.195121951219512,0.0253857640617223,0.0681931309109009
D111,0.0198789974070873,0.000864304235090752,0.536732929991357,0.0466724286949006,0.0017286084701815,0.0017286084701815,0.0501296456352636,0.0414866032843561,0,0.0337078651685393,0.0872947277441659,0.114088159031979,0.0285220397579948,0.0371650821089023
D112,0.156367041198502,0.0355805243445693,0.163857677902622,0.0262172284644195,0,0.00842696629213483,0.00468164794007491,0.0365168539325843,0.00187265917602996,0.049625468164794,0.0730337078651685,0.306179775280899,0.137640449438202,0
D113,0.0178817056396149,0.0398899587345254,0.357634112792297,0.00687757909215956,0,0.000687757909215956,0.0206327372764787,0.0563961485557084,0.00275103163686382,0.0563961485557084,0.0887207702888583,0.314305364511692,0.0302613480055021,0.00756533700137552
D114,0.0660180681028492,0.0229325920778318,0.170257123002085,0.0507296733842946,0.000694927032661571,0.00555941626129256,0.0312717164697707,0.0326615705350938,0.00625434329395414,0.0159833217512161,0.224461431549687,0.313412091730368,0.0333564975677554,0.0264072272411397
D115,0.0301255230125523,0.0234309623430962,0.264435146443515,0.0184100418410042,0.00334728033472803,0.0192468619246862,0.00669456066945607,0.0393305439330544,0.0133891213389121,0.0694560669456067,0.17907949790795,0.256903765690377,0.0351464435146444,0.0410041841004184
D116,0.0109555690809495,0.133292757151552,0.214242239805234,0.0164333536214242,0,0.00304321363359708,0.0164333536214242,0.076080340839927,0.0115642118076689,0.0237370663420572,0.115642118076689,0.360316494217894,0.00852099817407182,0.00973828362751065
D117,0.00711111111111111,0.0222222222222222,0.36,0.153777777777778,0,0.00177777777777778,0.00266666666666667,0.127111111111111,0.00977777777777778,0.00266666666666667,0.0613333333333333,0.168888888888889,0.0808888888888889,0.00177777777777778
D118,0.0398162327718224,0.0107197549770291,0.341500765696784,0.119448698315467,0.00459418070444104,0.0137825421133231,0.0581929555895865,0.0214395099540582,0,0.0153139356814701,0.0719754977029096,0.225114854517611,0.0735068912710567,0.00459418070444104
D119,0.0884744141559063,0.162123385939742,0.190817790530846,0.0153036824485892,0,0.00286944045911047,0.00956480153036825,0.00813008130081301,0.00334768053562889,0.00526064084170253,0.142037302725968,0.319942611190818,0.0234337637494022,0.0286944045911047
D120,0.00947867298578199,0,0.734597156398104,0.0616113744075829,0,0.00315955766192733,0,0.0410742496050553,0.004739336492891,0.004739336492891,0.00157977883096367,0.0710900473933649,0.0679304897314376,0
D121,0,0.0678733031674208,0.467194570135747,0.0769230769230769,0.00226244343891403,0.00452488687782805,0.0361990950226244,0.0260180995475113,0,0.0101809954751131,0.143665158371041,0.126696832579186,0.0373303167420814,0.00113122171945701
D122,0.0991080277502478,0.20416253716551,0.129831516352825,0.0267591674925669,0.00396432111000991,0.000991080277502478,0.000991080277502478,0.0327056491575818,0.0198216055500496,0.00198216055500496,0.110009910802775,0.331020812685828,0.0178394449950446,0.020812685827552
D123,0.015311510031679,0.0337909186906019,0.262935586061246,0.0776135163674762,0,0.00844772967265047,0.015311510031679,0.0190073917634636,0,0.0142555438225977,0.269271383315734,0.143611404435058,0.112460401267159,0.0279831045406547
D124,0.00962250185048113,0.00444115470022206,0.390081421169504,0.00074019245003701,0,0,0,0.0214655810510733,0.00222057735011103,0.0199851961509993,0.118430792005922,0.0214655810510733,0.408586232420429,0.00296076980014804
D125,0.0112485939257593,0.046119235095613,0.43644544431946,0.0281214848143982,0.0236220472440945,0.0078740157480315,0.0326209223847019,0.0224971878515186,0,0.00674915635545557,0.0843644544431946,0.231721034870641,0.0258717660292463,0.0427446569178853
D126,0.118918918918919,0,0.308108108108108,0.0972972972972973,0,0.0162162162162162,0.00540540540540541,0.145945945945946,0,0.00540540540540541,0.113513513513514,0.118918918918919,0.0324324324324324,0.0378378378378378
D127,0.062015503875969,0.00221483942414175,0.444075304540421,0.0697674418604651,0,0.0143964562569214,0,0.128460686600221,0.00332225913621262,0.044296788482835,0.10188261351052,0.0675526024363234,0.0299003322259136,0.0321151716500554
D128,0.0332778702163062,0.0133111480865225,0.256239600665557,0.0138657792567942,0.00110926234054354,0.00166389351081531,0.00887409872434831,0.0465890183028286,0.0166389351081531,0.0105379922351636,0.307820299500832,0.218524681087077,0.0410427066001109,0.0305047143649473
D129,0.0029940119760479,0.0229540918163673,0.501996007984032,0.00898203592814371,0.00698602794411178,0.000998003992015968,0.0528942115768463,0.0499001996007984,0.000998003992015968,0.0219560878243513,0.130738522954092,0.0808383233532934,0.0688622754491018,0.0489021956087824
D130,0.0680933852140078,0.0214007782101167,0.229571984435798,0.0330739299610895,0,0,0.0330739299610895,0.0301556420233463,0.000972762645914397,0.0116731517509728,0.148832684824903,0.366731517509728,0.0398832684824903,0.0165369649805447
D131,0.160924369747899,0.0764705882352941,0.0638655462184874,0.0680672268907563,0.00798319327731092,0.0453781512605042,0.00588235294117647,0.10546218487395,0.00630252100840336,0.0331932773109244,0.0626050420168067,0.302521008403361,0.0189075630252101,0.042436974789916
D132,0.204929256047467,0.0235052487448654,0.12482884527613,0.0842081241442264,0.00228206298493838,0.0184847101780009,0.000228206298493838,0.189867640346874,0.00981287083523505,0.00912825193975354,0.184390689183021,0.0750798722044728,0.0369694203560018,0.0362848014605203
D133,0.0524534686971235,0.0518894529046813,0.350817822899041,0.0823463056965595,0,0.00902425267907501,0.0338409475465313,0.0406091370558376,0.00282007896221094,0.00564015792442188,0.155104342921602,0.172024816694867,0.0276367738296672,0.0157924421883813
D134,0.133891213389121,0.00585774058577406,0.293723849372385,0.0677824267782427,0,0.00167364016736402,0.124686192468619,0.0175732217573222,0.00753138075313808,0.00502092050209205,0.128870292887029,0.124686192468619,0.0443514644351464,0.0443514644351464
D135,0.00943396226415094,0.00707547169811321,0.372641509433962,0,0.0117924528301887,0,0.0589622641509434,0.0424528301886792,0.0117924528301887,0.134433962264151,0.153301886792453,0.125,0.0400943396226415,0.0330188679245283
D136,0.0766341096919609,0.048084147257701,0.24267468069121,0.0345604808414726,0.00751314800901578,0.01427498121713,0.0210368144252442,0.0262960180315552,0.0255447032306536,0.0555972952667168,0.207362885048835,0.157776108189331,0.0555972952667168,0.0270473328324568
D137,0.0783394710411784,0.070639437562772,0.129226648811517,0.0622698359558085,0.00033478406427854,0.0348175426849682,0.00602611315701373,0.161700703046535,0.00535654502845665,0.0609306996986943,0.181452962838969,0.150987612989622,0.0311349179779043,0.0267827251422832
D138,0.05810147299509,0.0130932896890344,0.254500818330606,0.0482815057283142,0,0.00572831423895254,0.00490998363338789,0.293780687397709,0.0106382978723404,0.016366612111293,0.0515548281505728,0.199672667757774,0.00654664484451719,0.0368248772504092
D139,0.0620320855614973,0.0171122994652406,0.493048128342246,0.0598930481283422,0.00213903743315508,0.00106951871657754,0.00641711229946524,0.174331550802139,0.0117647058823529,0.0117647058823529,0.025668449197861,0.0545454545454545,0.0491978609625668,0.0310160427807487
D140,0.165384615384615,0.0115384615384615,0.183653846153846,0.0173076923076923,0.00192307692307692,0.00288461538461538,0.00192307692307692,0.1,0.00192307692307692,0.0375,0.210576923076923,0.159615384615385,0.0990384615384615,0.00673076923076923
D141,0.124835742444152,0.0105124835742444,0.207621550591327,0.0105124835742444,0,0.00394218134034166,0.0249671484888305,0.0801576872536137,0.00131406044678055,0.0551905387647832,0.111695137976347,0.339027595269382,0.0210249671484888,0.00919842312746386
D142,0.167371885284438,0.0597085096379878,0.284438175834509,0.0418429713211095,0.00141043723554302,0.0564174894217207,0.000470145745181006,0.0103432063939821,0.000470145745181006,0.0564174894217207,0.108133521391631,0.110954395862717,0.00987306064880113,0.0921485660554772
D143,0.0909575886903174,0.331288343558282,0.0341424379834623,0.0402774073086156,0.00160042678047479,0.0416110962923446,0.00613496932515337,0.096825820218725,0.000533475593491598,0.0253400906908509,0.105894905308082,0.184315817551347,0.0162710056014937,0.0248066150973593
D144,0.122222222222222,0.000854700854700855,0.258974358974359,0.0128205128205128,0.000854700854700855,0.00854700854700855,0.00598290598290598,0.12991452991453,0.000854700854700855,0.041025641025641,0.00170940170940171,0.309401709401709,0.103418803418803,0.00341880341880342
D145,0.00378071833648393,0.0245746691871456,0.510396975425331,0.0453686200378072,0,0.0056710775047259,0.00945179584120983,0.0132325141776938,0,0.0510396975425331,0.141776937618147,0.160680529300567,0.0207939508506616,0.0132325141776938
D146,0.104974897307166,0.0401643085349156,0.150159744408946,0.0401643085349156,0.00228206298493838,0.0237334550433592,0.0232770424463715,0.0159744408945687,0.0237334550433592,0.0803286170698311,0.240529438612506,0.139205842081241,0.046554084892743,0.0689183021451392
D147,0.244755244755245,0.00699300699300699,0.103896103896104,0.042957042957043,0.004995004995005,0.001998001998002,0,0.0779220779220779,0.000999000999000999,0.010989010989011,0.127872127872128,0.258741258741259,0.0869130869130869,0.030969030969031
D148,0.102967898243489,0.0769230769230769,0.13930950938825,0.0878255602665051,0.00121138703815869,0.0290732889158086,0.0181708055723804,0.0308903694730466,0.00605693519079346,0.0569351907934585,0.0956995760145366,0.298001211387038,0.0224106602059358,0.0345245305875227
D149,0.0125457396759017,0.111343439623628,0.244641923680084,0.0339780449555672,0,0.00627286983795086,0,0.00313643491897543,0.00156821745948772,0.0397281756403555,0.130684788290643,0.372713016204914,0.0334553058024046,0.00993204391008887
D150,0.010230179028133,0.0217391304347826,0.373401534526854,0.00255754475703325,0.00127877237851662,0,0.11381074168798,0.0230179028132992,0.0179028132992327,0.0703324808184143,0.0843989769820972,0.257033248081841,0.010230179028133,0.0140664961636829
D151,0.0938490805326569,0.0234622701331642,0.290424857324033,0.0139505389980977,0,0,0.00507292327203551,0.144578313253012,0.00190234622701332,0.0082435003170577,0.0900443880786303,0.262523779327838,0.0602409638554217,0.00570703868103995
D152,0.0298013245033113,0.0364238410596026,0.235099337748344,0.0115894039735099,0,0,0.021523178807947,0.00496688741721854,0.0182119205298013,0.105960264900662,0.0380794701986755,0.377483443708609,0.0347682119205298,0.0860927152317881
D153,0.048513986013986,0.0677447552447552,0.191433566433566,0.020979020979021,0.000874125874125874,0.000437062937062937,0.0498251748251748,0.0187937062937063,0,0.00480769230769231,0.15472027972028,0.364947552447552,0.0397727272727273,0.0371503496503496
D154,0.183098591549296,0.0201207243460765,0.233400402414487,0.0925553319919517,0,0.00201207243460765,0.00603621730382294,0.0482897384305835,0.028169014084507,0.00603621730382294,0.219315895372233,0.134808853118712,0.0140845070422535,0.0120724346076459
D155,0.00661790316962731,0.29362591431557,0.0943921978404737,0.0198537095088819,0,0,0.0142807384186695,0.00557297109021247,0,0.00104493207941484,0.157784743991641,0.352838732149077,0.0320445837687217,0.0219435736677116
D156,0.0132669983416252,0.0033167495854063,0.298507462686567,0.0497512437810945,0,0.0182421227197347,0.0961857379767828,0.0497512437810945,0.0381426202321725,0.101160862354892,0.129353233830846,0.174129353233831,0.0132669983416252,0.0149253731343284
